-15.0105 -17.6115 2.70038
-14.9 -17.5 2.5
-14.7 -17.3 2.3
-14.5 -17.1 2.1
-14.3 -16.9 2.1
-14.1 -16.7 2.1
-13.9 -16.5 2.1
-13.7 -16.3 2.1
-13.5 -16.1 2.1
-13.3 -15.9 2.1
-13.1 -15.7 2.1
-12.9 -15.5 2.1
-12.7 -15.3 2.1
-12.5 -15.1 2.1
-12.3 -14.9 2.1
-12.3 -14.7 2.1
-12.3 -14.5 2.1
-12.3 -14.3 2.1
-12.3 -14.1 2.1
-12.3 -13.9 2.1
-12.3 -13.7 2.1
-12.1 -13.5 2.1
-11.9 -13.3 2.1
-11.7 -13.1 2.1
-11.7 -12.9 2.1
-11.7 -12.7 2.1
-11.5 -12.5 2.1
-11.5 -12.3 2.1
-11.5 -12.1 2.1
-11.5 -11.9 2.1
-11.5 -11.7 2.1
-11.3 -11.5 2.1
-11.1 -11.3 2.1
-10.9 -11.1 2.1
-10.7 -10.9 2.1
-10.5 -10.7 2.1
-10.3 -10.5 2.1
-10.1 -10.3 2.1
-9.9 -10.1 2.1
-9.7 -9.9 2.1
-9.5 -9.7 2.1
-9.3 -9.5 2.1
-9.1 -9.3 2.1
-8.9 -9.1 2.1
-8.7 -8.9 2.1
-8.5 -8.7 2.1
-8.3 -8.5 2.1
-8.1 -8.3 2.1
-7.9 -8.1 2.1
-7.7 -7.9 2.1
-7.5 -7.7 2.1
-7.3 -7.5 2.1
-7.1 -7.3 2.1
-6.9 -7.1 2.1
-6.7 -6.9 2.1
-6.5 -6.7 2.1
-6.3 -6.5 2.1
-6.1 -6.3 2.1
-5.9 -6.1 2.1
-5.7 -5.9 2.1
-5.5 -5.7 2.1
-5.3 -5.5 2.1
-5.1 -5.3 2.1
-4.9 -5.1 2.1
-4.7 -4.9 2.1
-4.5 -4.7 2.1
-4.3 -4.5 2.1
-4.1 -4.3 2.1
-3.9 -4.1 2.1
-3.7 -3.9 2.1
-3.5 -3.7 2.1
-3.3 -3.5 2.1
-3.1 -3.3 2.1
-2.9 -3.1 2.1
-2.7 -2.9 2.1
-2.5 -2.7 2.1
-2.3 -2.5 2.1
-2.1 -2.3 2.1
-1.9 -2.1 2.1
-1.7 -1.9 2.1
-1.5 -1.7 2.1
-1.3 -1.5 2.1
-1.1 -1.3 2.1
-0.9 -1.1 2.1
-0.7 -0.9 2.1
-0.5 -0.7 2.1
-0.3 -0.5 2.1
-0.1 -0.3 2.1
0.1 -0.1 2.1
0.3 0.1 2.1
0.5 0.3 2.1
0.7 0.5 2.1
0.9 0.7 2.1
1.1 0.9 2.1
1.3 1.1 2.1
1.5 1.3 2.1
1.7 1.5 2.1
1.9 1.7 2.1
2.1 1.9 2.1
2.3 2.1 2.1
2.5 2.3 2.1
2.7 2.5 2.1
2.9 2.7 2.1
3.1 2.9 2.1
3.3 3.1 2.1
3.5 3.3 2.1
3.7 3.5 2.1
3.9 3.7 2.1
4.1 3.9 2.1
4.3 4.1 2.1
4.5 4.3 2.1
4.7 4.5 2.1
4.9 4.7 2.1
5.1 4.9 2.1
5.3 5.1 2.1
5.5 5.3 2.1
5.7 5.5 2.1
5.9 5.7 2.1
6.1 5.9 2.1
6.3 6.1 2.1
6.5 6.3 2.1
6.7 6.5 2.1
6.9 6.7 2.1
7.1 6.9 2.1
7.3 7.1 2.1
7.5 7.3 2.1
7.7 7.5 2.1
7.9 7.7 2.1
8.1 7.9 2.1
8.3 8.1 2.1
8.5 8.3 2.1
8.7 8.5 2.1
8.9 8.7 2.1
9.1 8.9 2.1
9.3 9.1 2.1
9.5 9.3 2.1
9.7 9.5 2.1
9.9 9.7 2.1
10.1 9.9 2.1
10.3 10.1 2.1
10.5 10.3 2.1
10.7 10.5 2.1
10.9 10.7 2.1
11.1 10.9 2.1
11.3 11.1 2.1
11.5 11.3 2.1
11.7 11.5 2.1
11.9 11.7 2.1
12.1 11.9 2.1
12.3 12.1 2.1
12.3 12.3 2.1
12.3 12.5 2.1
12.3 12.7 2.1
12.3 12.9 2.1
12.3 13.1 2.1
12.3 13.3 2.1
12.3 13.5 2.1
12.3 13.7 2.1
12.3 13.9 2.1
12.3 14.1 2.1
12.3 14.3 2.1
12.3 14.5 2.1
12.3 14.7 2.1
12.3 14.9 2.1
12.3 15.1 2.1
12.3 15.3 2.1
12.3 15.5 2.1
12.3 15.7 2.1
12.3 15.9 2.1
12.3 16.1 2.1
12.3 16.3 2.1
12.3 16.5 2.1
12.3 16.7 2.1
12.3 16.9 2.1
12.3 17.1 2.1
12.3 17.3 2.1
12.3 17.5 2.1
12.3 17.7 2.1
12.3 17.9 2.1
12.3 18.1 2.1
12.3 18.3 2.1
12.3 18.5 2.1
12.3 18.7 2.1
