-5.05177 2.2147 2.19435
-4.9 2.5 2.1
-4.7 2.7 2.1
-4.5 2.9 2.1
-4.3 3.1 2.1
-4.1 3.3 2.1
-3.9 3.5 2.1
-3.7 3.7 2.1
-3.5 3.9 2.1
-3.5 4.1 2.1
-3.3 4.3 2.1
-3.1 4.5 2.1
-2.9 4.7 2.1
-2.7 4.9 2.1
-2.5 5.1 2.1
-2.3 5.3 2.1
-2.1 5.5 2.1
-1.9 5.7 2.1
-1.7 5.9 2.1
-1.5 6.1 2.1
-1.3 6.3 2.1
-1.1 6.5 2.1
-0.9 6.7 2.1
-0.7 6.9 2.1
-0.5 7.1 2.1
-0.3 7.3 2.1
-0.1 7.5 2.1
0.1 7.7 2.1
0.3 7.9 2.1
0.5 8.1 2.1
0.5 8.3 2.1
0.5 8.5 2.1
0.5 8.7 2.1
0.5 8.9 2.1
0.5 9.1 2.1
0.5 9.3 2.1
0.5 9.5 2.1
0.5 9.7 2.1
0.5 9.9 2.1
0.5 10.1 2.1
0.5 10.3 2.1
0.7 10.5 2.1
0.9 10.7 2.1
1.1 10.9 2.1
1.3 11.1 2.1
1.5 11.3 2.1
1.7 11.5 2.1
1.9 11.7 2.1
2.1 11.9 2.1
2.3 12.1 2.1
2.5 12.3 2.1
2.7 12.5 2.1
2.9 12.7 2.1
3.1 12.9 2.1
3.3 13.1 2.1
3.5 13.3 2.1
3.7 13.5 2.1
3.9 13.7 2.1
4.1 13.9 2.1
4.3 14.1 2.1
4.5 14.3 2.1
4.7 14.5 2.1
4.9 14.7 2.1
5.1 14.9 2.1
5.3 15.1 2.1
5.5 15.3 2.1
5.7 15.5 2.1
5.9 15.7 2.1
6.1 15.9 2.1
6.3 16.1 2.1
6.5 16.3 2.1
6.7 16.5 2.1
6.9 16.7 2.1
7.1 16.9 2.1
7.3 17.1 2.1
7.5 17.3 2.1
7.7 17.5 2.1
7.9 17.7 2.1
8.1 17.9 2.1
8.3 18.1 2.1
8.5 18.3 2.1
8.7 18.5 2.1
8.9 18.7 2.1
9.1 18.7 2.1
9.3 18.7 2.1
9.5 18.7 2.1
9.7 18.7 2.1
9.9 18.7 2.1
10.1 18.7 2.1
10.3 18.7 2.1
10.5 18.7 2.1
10.7 18.7 2.1
10.9 18.7 2.1
11.1 18.7 2.1
11.3 18.7 2.1
11.5 18.7 2.1
11.7 18.7 2.1
11.9 18.7 2.1
12.1 18.7 2.1
12.3 18.7 2.1
