3.6276 14.7859 2.01031
3.9 14.9 2.1
4.1 15.1 2.1
4.3 15.3 2.1
4.5 15.5 2.1
4.7 15.5 2.1
4.9 15.5 2.1
5.1 15.5 2.1
5.3 15.5 2.1
5.5 15.5 2.1
5.7 15.5 2.1
5.9 15.7 2.1
6.1 15.7 2.1
6.3 15.7 2.1
6.5 15.7 2.1
6.7 15.7 2.1
6.9 15.7 2.1
7.1 15.7 2.1
7.3 15.7 2.1
7.5 15.7 2.1
7.7 15.7 2.1
7.9 15.7 2.1
8.1 15.7 2.1
8.3 15.9 2.1
8.5 16.1 2.1
8.7 16.3 2.1
8.9 16.5 2.1
9.1 16.7 2.1
9.3 16.9 2.1
9.5 17.1 2.1
9.7 17.3 2.1
9.9 17.5 2.1
10.1 17.7 2.1
10.3 17.9 2.1
10.5 17.9 2.1
10.7 17.9 2.1
10.9 17.9 2.1
11.1 17.9 2.1
11.3 17.9 2.1
11.5 17.9 2.1
11.7 17.9 2.1
11.9 18.1 2.1
12.1 18.3 2.1
12.3 18.5 2.1
12.3 18.7 2.1
