-3.5234 4.65198 2.09127
-3.3 4.9 2.1
-3.1 5.1 2.1
-2.9 5.3 2.1
-2.7 5.5 2.1
-2.5 5.7 2.1
-2.3 5.9 2.1
-2.1 6.1 2.1
-1.9 6.3 2.1
-1.7 6.5 2.1
-1.5 6.7 2.1
-1.3 6.9 2.1
-1.1 7.1 2.1
-0.9 7.3 2.1
-0.7 7.5 2.1
-0.5 7.7 2.1
-0.3 7.9 2.1
-0.1 8.1 2.1
0.1 8.3 2.1
0.3 8.5 2.1
0.3 8.7 2.1
0.3 8.9 2.1
0.3 9.1 2.1
0.3 9.3 2.1
0.3 9.5 2.1
0.3 9.7 2.1
0.3 9.9 2.1
0.3 10.1 2.1
0.3 10.3 2.1
0.3 10.5 2.1
0.3 10.7 2.1
0.3 10.9 2.1
0.3 11.1 2.1
0.3 11.3 2.1
0.3 11.5 2.1
0.5 11.7 2.1
0.7 11.9 2.1
0.9 12.1 2.1
1.1 12.3 2.1
1.3 12.5 2.1
1.5 12.7 2.1
1.7 12.9 2.1
1.9 13.1 2.1
2.1 13.3 2.1
2.3 13.5 2.1
2.5 13.7 2.1
2.7 13.9 2.1
2.9 14.1 2.1
3.1 14.3 2.1
3.3 14.5 2.1
3.5 14.7 2.1
3.7 14.9 2.1
3.9 15.1 2.1
4.1 15.3 2.1
4.3 15.5 2.1
4.5 15.7 2.1
4.7 15.9 2.1
4.9 16.1 2.1
5.1 16.3 2.1
5.3 16.5 2.1
5.5 16.7 2.1
5.7 16.9 2.1
5.9 17.1 2.1
6.1 17.3 2.1
6.3 17.5 2.1
6.5 17.7 2.1
6.7 17.9 2.1
6.9 18.1 2.1
7.1 18.3 2.1
7.3 18.5 2.1
7.5 18.7 2.1
7.7 18.7 2.1
7.9 18.7 2.1
8.1 18.7 2.1
8.3 18.7 2.1
8.5 18.7 2.1
8.7 18.7 2.1
8.9 18.7 2.1
9.1 18.7 2.1
9.3 18.7 2.1
9.5 18.7 2.1
9.7 18.7 2.1
9.9 18.7 2.1
10.1 18.7 2.1
10.3 18.7 2.1
10.5 18.7 2.1
10.7 18.7 2.1
10.9 18.7 2.1
11.1 18.7 2.1
11.3 18.7 2.1
11.5 18.7 2.1
11.7 18.7 2.1
11.9 18.7 2.1
12.1 18.7 2.1
12.3 18.7 2.1
