-12.4392 -13.8213 3.22305
-12.3 -13.7 3.1
-12.1 -13.5 2.9
-11.9 -13.3 2.7
-11.7 -13.1 2.5
-11.7 -12.9 2.5
-11.7 -12.7 2.5
-11.5 -12.5 2.3
-11.5 -12.3 2.3
-11.5 -12.1 2.3
-11.5 -11.9 2.3
-11.5 -11.7 2.3
-11.3 -11.5 2.1
-11.1 -11.3 2.1
-10.9 -11.1 2.1
-10.7 -10.9 2.1
-10.5 -10.7 2.1
-10.3 -10.5 2.1
-10.1 -10.3 2.1
-9.9 -10.1 2.1
-9.7 -9.9 2.1
-9.7 -9.7 2.1
-9.7 -9.5 2.1
-9.7 -9.3 2.1
-9.7 -9.1 2.1
-9.7 -8.9 2.1
-9.7 -8.7 2.1
-9.7 -8.5 2.1
-9.7 -8.3 2.1
-9.7 -8.1 2.1
-9.7 -7.9 2.1
-9.7 -7.7 2.1
-9.7 -7.5 2.1
-9.5 -7.3 2.1
-9.3 -7.1 2.1
-9.1 -6.9 2.1
-8.9 -6.7 2.1
-8.7 -6.5 2.1
-8.5 -6.3 2.1
-8.3 -6.1 2.1
-8.1 -5.9 2.1
-7.9 -5.7 2.1
-7.7 -5.5 2.1
-7.5 -5.3 2.1
-7.3 -5.1 2.1
-7.1 -4.9 2.1
-6.9 -4.7 2.1
-6.7 -4.5 2.1
-6.5 -4.3 2.1
-6.3 -4.1 2.1
-6.1 -3.9 2.1
-5.9 -3.7 2.1
-5.7 -3.5 2.1
-5.5 -3.3 2.1
-5.3 -3.1 2.1
-5.1 -2.9 2.1
-4.9 -2.7 2.1
-4.7 -2.5 2.1
-4.5 -2.3 2.1
-4.3 -2.1 2.1
-4.1 -1.9 2.1
-3.9 -1.7 2.1
-3.7 -1.5 2.1
-3.5 -1.3 2.1
-3.3 -1.1 2.1
-3.1 -0.9 2.1
-2.9 -0.7 2.1
-2.7 -0.5 2.1
-2.5 -0.3 2.1
-2.3 -0.1 2.1
-2.1 0.1 2.1
-1.9 0.3 2.1
-1.7 0.5 2.1
-1.5 0.7 2.1
-1.3 0.9 2.1
-1.1 1.1 2.1
-0.9 1.3 2.1
-0.7 1.5 2.1
-0.5 1.7 2.1
-0.3 1.9 2.1
-0.1 2.1 2.1
0.1 2.3 2.1
0.3 2.5 2.1
0.5 2.7 2.1
0.7 2.9 2.1
0.9 3.1 2.1
1.1 3.3 2.1
1.3 3.5 2.1
1.5 3.7 2.1
1.7 3.9 2.1
1.9 4.1 2.1
2.1 4.3 2.1
2.3 4.5 2.1
2.5 4.7 2.1
2.7 4.9 2.1
2.9 5.1 2.1
3.1 5.3 2.1
3.3 5.5 2.1
3.5 5.7 2.1
3.7 5.9 2.1
3.9 6.1 2.1
4.1 6.3 2.1
4.3 6.5 2.1
4.5 6.7 2.1
4.7 6.9 2.1
4.9 7.1 2.1
5.1 7.3 2.1
5.3 7.5 2.1
5.5 7.7 2.1
5.7 7.9 2.1
5.9 8.1 2.1
6.1 8.3 2.1
6.3 8.5 2.1
6.5 8.7 2.1
6.7 8.9 2.1
6.9 9.1 2.1
7.1 9.3 2.1
7.3 9.5 2.1
7.5 9.7 2.1
7.7 9.9 2.1
7.9 10.1 2.1
8.1 10.3 2.1
8.3 10.5 2.1
8.5 10.7 2.1
8.7 10.9 2.1
8.9 11.1 2.1
9.1 11.3 2.1
9.3 11.5 2.1
9.5 11.7 2.1
9.7 11.9 2.1
9.9 12.1 2.1
10.1 12.3 2.1
10.3 12.5 2.1
10.5 12.7 2.1
10.7 12.9 2.1
10.9 13.1 2.1
11.1 13.3 2.1
11.3 13.5 2.1
11.5 13.7 2.1
11.7 13.9 2.1
11.9 14.1 2.1
12.1 14.3 2.1
12.3 14.5 2.1
12.3 14.7 2.1
12.3 14.9 2.1
12.3 15.1 2.1
12.3 15.3 2.1
12.3 15.5 2.1
12.3 15.7 2.1
12.3 15.9 2.1
12.3 16.1 2.1
12.3 16.3 2.1
12.3 16.5 2.1
12.3 16.7 2.1
12.3 16.9 2.1
12.3 17.1 2.1
12.3 17.3 2.1
12.3 17.5 2.1
12.3 17.7 2.1
12.3 17.9 2.1
12.3 18.1 2.1
12.3 18.3 2.1
12.3 18.5 2.1
12.3 18.7 2.1
