3.84766 9.07908 1.24451
4.1 9.3 1.3
4.3 9.5 1.3
4.5 9.7 1.3
4.5 9.9 1.3
4.5 10.1 1.3
4.5 10.3 1.3
4.7 10.5 1.3
4.9 10.7 1.3
5.1 10.7 1.3
5.3 10.7 1.3
5.5 10.7 1.3
5.7 10.7 1.3
5.9 10.7 1.3
6.1 10.7 1.3
6.3 10.7 1.3
6.5 10.7 1.3
6.7 10.7 1.3
6.9 10.7 1.3
7.1 10.7 1.3
7.3 10.5 1.3
7.5 10.3 1.3
7.7 10.1 1.3
7.9 9.9 1.3
8.1 9.9 1.3
8.3 9.9 1.3
8.5 9.9 1.3
8.7 9.9 1.3
8.9 9.9 1.3
9.1 9.9 1.3
9.3 9.9 1.3
9.5 9.9 1.3
9.7 9.9 1.3
9.9 9.9 1.3
10.1 9.9 1.3
10.3 10.1 1.3
10.5 10.3 1.3
10.7 10.5 1.3
10.7 10.7 1.3
10.7 10.9 1.3
10.7 11.1 1.3
10.7 11.3 1.3
10.7 11.5 1.3
10.7 11.7 1.3
10.7 11.9 1.3
10.7 12.1 1.3
10.7 12.3 1.3
10.7 12.5 1.3
10.7 12.7 1.3
10.7 12.9 1.3
