-3.57736 4.59763 2.09264
-3.3 4.7 2.1
-3.1 4.9 2.1
-2.9 5.1 2.1
-2.7 5.3 2.1
-2.5 5.5 2.1
-2.3 5.7 2.1
-2.1 5.9 2.1
-1.9 6.1 2.1
-1.7 6.3 2.1
-1.5 6.5 2.1
-1.3 6.5 2.1
-1.1 6.5 2.1
-0.9 6.5 2.1
-0.7 6.5 2.1
-0.5 6.7 2.3
-0.3 6.9 2.5
-0.1 7.1 2.7
0.1 7.3 2.9
0.3 7.5 3.1
0.5 7.7 3.3
0.7 7.9 3.5
0.9 8.1 3.7
1.1 8.3 3.9
1.3 8.5 4.1
1.5 8.7 4.3
1.7 8.9 4.5
1.9 9.1 4.7
2.1 9.3 4.9
2.3 9.5 4.9
2.5 9.7 4.9
2.7 9.9 4.9
2.9 10.1 4.9
3.1 10.3 4.9
3.3 10.5 4.9
3.5 10.7 4.7
3.7 10.9 4.5
3.9 11.1 4.3
4.1 11.3 4.1
4.3 11.5 3.9
4.5 11.7 3.7
4.7 11.9 3.5
4.9 12.1 3.3
5.1 12.3 3.1
5.3 12.5 2.9
5.5 12.7 2.7
5.7 12.9 2.5
5.9 13.1 2.3
6.1 13.3 2.1
6.3 13.5 2.1
6.5 13.7 2.1
6.7 13.9 2.1
6.9 14.1 2.1
7.1 14.3 2.1
7.3 14.5 2.1
7.5 14.7 2.1
7.7 14.9 2.1
7.9 15.1 2.1
8.1 15.3 2.1
8.3 15.5 2.1
8.5 15.7 2.1
8.7 15.9 2.1
8.9 16.1 2.1
9.1 16.3 2.1
9.3 16.5 2.1
9.5 16.7 2.1
9.7 16.9 2.1
9.9 17.1 2.1
10.1 17.3 2.1
10.3 17.5 2.1
10.5 17.7 2.1
10.7 17.9 2.1
10.9 18.1 2.1
11.1 18.3 2.1
11.3 18.5 2.1
11.5 18.7 2.1
11.7 18.7 2.1
11.9 18.7 2.1
12.1 18.7 2.1
12.3 18.7 2.1
